[app/ui]
version = 6.3.3
modtime = 1460051202.357144000

[app/launcher]
version = 6.3.3
modtime = 1460051202.359188000

[app/package/check_for_updates]
version = 6.3.3
modtime = 1460051202.360202000

[app/install/install_source_checksum]
version = 6.3.3
modtime = 1460060214.558643000
